OFF
26 24 0

0 0 0.98
2 0 0.98
2 0 2
0 0 2
0 2 2
0 2 0.98
2 2 0
4 0 0.98
4 0 2
4 2 0.98
4 2 2
0 4 2
0 4 0.98
2 4 0.98
2 4 2
4 4 0.98
4 4 2
2 0 5.02
0 0 5.02
0 2 5.02
2 2 6
4 0 5.02
4 2 5.02
0 4 5.02
2 4 5.02
4 4 5.02

4 0 1 2 3  0.217 0.92 0.92 
4 0 3 4 5  0.217 0.92 0.92 
4 1 0 5 6  0.217 0.92 0.92 
4 1 7 8 2  0.217 0.92 0.92 
4 8 7 9 10  0.217 0.92 0.92 
4 7 1 6 9  0.217 0.92 0.92 
4 5 4 11 12  0.217 0.92 0.92 
4 6 5 12 13  0.217 0.92 0.92 
4 12 11 14 13  0.217 0.92 0.92 
4 10 9 15 16  0.217 0.92 0.92 
4 9 6 13 15  0.217 0.92 0.92 
4 13 14 16 15  0.217 0.92 0.92 
4 3 2 17 18  0.217 0.92 0.92 
4 3 18 19 4  0.217 0.92 0.92 
4 18 17 20 19  0.217 0.92 0.92 
4 2 8 21 17  0.217 0.92 0.92 
4 17 21 22 20  0.217 0.92 0.92 
4 21 8 10 22  0.217 0.92 0.92 
4 4 19 23 11  0.217 0.92 0.92 
4 19 20 24 23  0.217 0.92 0.92 
4 11 23 24 14  0.217 0.92 0.92 
4 20 22 25 24  0.217 0.92 0.92 
4 22 10 16 25  0.217 0.92 0.92 
4 14 24 25 16  0.217 0.92 0.92 
